invslot 1040 10 50 50 0
invslot 1100 10 50 50 1
invslot 1160 10 50 50 2
invslot 1220 10 50 50 3
invslot 1280 10 50 50 4
invslot 1040 70 50 50 5
invslot 1100 70 50 50 6
invslot 1160 70 50 50 7
invslot 1220 70 50 50 8
invslot 1280 70 50 50 9
invslot 1040 130 50 50 10
invslot 1100 130 50 50 11
invslot 1160 130 50 50 12
invslot 1220 130 50 50 13
invslot 1280 130 50 50 14
invslot 1040 190 50 50 15
invslot 1100 190 50 50 16
invslot 1160 190 50 50 17
invslot 1220 190 50 50 18
invslot 1280 190 50 50 19
